At time 1761069424.237085438
- Translation: [0.000, 0.000, 0.000]
- Rotation: in Quaternion [0.000, 0.000, 0.778, 0.628]
- Rotation: in RPY (radian) [0.000, -0.000, 1.784]
- Rotation: in RPY (degree) [0.000, -0.000, 102.193]
- Matrix:
 -0.211 -0.977  0.000  0.000
  0.977 -0.211  0.000  0.000
  0.000  0.000  1.000  0.000
  0.000  0.000  0.000  1.000
At time 1761069425.244937986
- Translation: [0.000, 0.000, 0.000]
- Rotation: in Quaternion [0.000, 0.000, 0.778, 0.628]
- Rotation: in RPY (radian) [0.000, -0.000, 1.784]
- Rotation: in RPY (degree) [0.000, -0.000, 102.193]
- Matrix:
 -0.211 -0.977  0.000  0.000
  0.977 -0.211  0.000  0.000
  0.000  0.000  1.000  0.000
  0.000  0.000  0.000  1.000
At time 1761069426.237322897
- Translation: [0.000, 0.000, 0.000]
- Rotation: in Quaternion [0.000, 0.000, 0.778, 0.628]
- Rotation: in RPY (radian) [0.000, -0.000, 1.784]
- Rotation: in RPY (degree) [0.000, -0.000, 102.193]
- Matrix:
 -0.211 -0.977  0.000  0.000
  0.977 -0.211  0.000  0.000
  0.000  0.000  1.000  0.000
  0.000  0.000  0.000  1.000
At time 1761069427.245500324
- Translation: [0.489, 1.309, 0.000]
- Rotation: in Quaternion [0.000, 0.000, 0.534, 0.845]
- Rotation: in RPY (radian) [0.000, -0.000, 1.127]
- Rotation: in RPY (degree) [0.000, -0.000, 64.587]
- Matrix:
  0.429 -0.903  0.000  0.489
  0.903  0.429  0.000  1.309
  0.000  0.000  1.000  0.000
  0.000  0.000  0.000  1.000
At time 1761069428.237398921
- Translation: [2.767, 0.100, 0.000]
- Rotation: in Quaternion [0.000, 0.000, -0.020, 1.000]
- Rotation: in RPY (radian) [0.000, 0.000, -0.041]
- Rotation: in RPY (degree) [0.000, 0.000, -2.346]
- Matrix:
  0.999  0.041  0.000  2.767
 -0.041  0.999 -0.000  0.100
 -0.000  0.000  1.000  0.000
  0.000  0.000  0.000  1.000
At time 1761069429.245224903
- Translation: [2.603, 0.183, 0.000]
- Rotation: in Quaternion [0.000, 0.000, 0.338, 0.941]
- Rotation: in RPY (radian) [0.000, -0.000, 0.691]
- Rotation: in RPY (degree) [0.000, -0.000, 39.569]
- Matrix:
  0.771 -0.637  0.000  2.603
  0.637  0.771  0.000  0.183
  0.000  0.000  1.000  0.000
  0.000  0.000  0.000  1.000
At time 1761069430.237136992
- Translation: [2.868, 1.116, 0.000]
- Rotation: in Quaternion [0.000, 0.000, 0.285, 0.959]
- Rotation: in RPY (radian) [0.000, -0.000, 0.578]
- Rotation: in RPY (degree) [0.000, -0.000, 33.103]
- Matrix:
  0.838 -0.546  0.000  2.868
  0.546  0.838  0.000  1.116
  0.000  0.000  1.000  0.000
  0.000  0.000  0.000  1.000
At time 1761069431.245002780
- Translation: [1.983, 1.102, 0.000]
- Rotation: in Quaternion [0.000, 0.000, 0.643, 0.766]
- Rotation: in RPY (radian) [0.000, -0.000, 1.396]
- Rotation: in RPY (degree) [0.000, -0.000, 79.959]
- Matrix:
  0.174 -0.985  0.000  1.983
  0.985  0.174  0.000  1.102
  0.000  0.000  1.000  0.000
  0.000  0.000  0.000  1.000
At time 1761069432.237109212
- Translation: [1.811, 1.419, 0.000]
- Rotation: in Quaternion [0.000, 0.000, 0.766, 0.643]
- Rotation: in RPY (radian) [0.000, -0.000, 1.745]
- Rotation: in RPY (degree) [0.000, -0.000, 99.993]
- Matrix:
 -0.174 -0.985  0.000  1.811
  0.985 -0.174  0.000  1.419
  0.000  0.000  1.000  0.000
  0.000  0.000  0.000  1.000
At time 1761069433.245310773
- Translation: [1.220, 1.500, 0.000]
- Rotation: in Quaternion [0.000, 0.000, 0.725, 0.689]
- Rotation: in RPY (radian) [0.000, -0.000, 1.621]
- Rotation: in RPY (degree) [0.000, -0.000, 92.873]
- Matrix:
 -0.050 -0.999  0.000  1.220
  0.999 -0.050  0.000  1.500
  0.000  0.000  1.000  0.000
  0.000  0.000  0.000  1.000
At time 1761069434.253115167
- Translation: [1.074, 1.444, 0.000]
- Rotation: in Quaternion [-0.000, -0.000, 0.818, 0.576]
- Rotation: in RPY (radian) [-0.000, -0.000, 1.915]
- Rotation: in RPY (degree) [-0.000, -0.000, 109.713]
- Matrix:
 -0.337 -0.941 -0.000  1.074
  0.941 -0.337  0.000  1.444
  0.000 -0.000  1.000  0.000
  0.000  0.000  0.000  1.000
At time 1761069435.245546175
- Translation: [1.219, 1.863, 0.000]
- Rotation: in Quaternion [0.000, 0.000, 0.668, 0.745]
- Rotation: in RPY (radian) [0.000, -0.000, 1.462]
- Rotation: in RPY (degree) [0.000, -0.000, 83.759]
- Matrix:
  0.109 -0.994  0.000  1.219
  0.994  0.109  0.000  1.863
  0.000  0.000  1.000  0.000
  0.000  0.000  0.000  1.000
At time 1761069436.237060462
- Translation: [2.411, 1.438, 0.000]
- Rotation: in Quaternion [0.000, 0.000, 0.523, 0.852]
- Rotation: in RPY (radian) [0.000, -0.000, 1.102]
- Rotation: in RPY (degree) [0.000, -0.000, 63.117]
- Matrix:
  0.452 -0.892  0.000  2.411
  0.892  0.452  0.000  1.438
  0.000  0.000  1.000  0.000
  0.000  0.000  0.000  1.000
At time 1761069437.244969087
- Translation: [2.474, 1.454, 0.000]
- Rotation: in Quaternion [0.000, 0.000, 0.422, 0.907]
- Rotation: in RPY (radian) [0.000, -0.000, 0.871]
- Rotation: in RPY (degree) [0.000, -0.000, 49.896]
- Matrix:
  0.644 -0.765  0.000  2.474
  0.765  0.644  0.000  1.454
  0.000  0.000  1.000  0.000
  0.000  0.000  0.000  1.000
At time 1761069438.237016733
- Translation: [3.294, 1.228, 0.000]
- Rotation: in Quaternion [0.000, 0.000, 0.195, 0.981]
- Rotation: in RPY (radian) [0.000, -0.000, 0.392]
- Rotation: in RPY (degree) [0.000, -0.000, 22.463]
- Matrix:
  0.924 -0.382  0.000  3.294
  0.382  0.924  0.000  1.228
  0.000  0.000  1.000  0.000
  0.000  0.000  0.000  1.000
At time 1761069439.245918195
- Translation: [2.103, 0.337, 0.000]
- Rotation: in Quaternion [0.000, 0.000, 0.028, 1.000]
- Rotation: in RPY (radian) [0.000, -0.000, 0.056]
- Rotation: in RPY (degree) [0.000, -0.000, 3.193]
- Matrix:
  0.998 -0.056  0.000  2.103
  0.056  0.998  0.000  0.337
  0.000  0.000  1.000  0.000
  0.000  0.000  0.000  1.000
At time 1761069440.253055872
- Translation: [1.062, 0.081, 0.000]
- Rotation: in Quaternion [0.000, 0.000, -0.052, 0.999]
- Rotation: in RPY (radian) [0.000, 0.000, -0.104]
- Rotation: in RPY (degree) [0.000, 0.000, -5.950]
- Matrix:
  0.995  0.104  0.000  1.062
 -0.104  0.995 -0.000  0.081
 -0.000  0.000  1.000  0.000
  0.000  0.000  0.000  1.000
